03000000
03000002
03000003
03000004
03000005
03000006
03000007
03000008
03000010
03000013
03000014
03000016
03000018
03000019
03000020
03000021
03000023
03000024
03000026
03000027
03000029
03000030
03000031
03000032
03000034
03000037
03000038
03000039
03000041
03000043
03000044
03000045
03000049
03000050
03000051
03000052
03000054
03000056
03000059
03000060
03000062
03000063
03000064
03000065
03000066
03000067
03000068
03000069
03000070
03000072
03000074
03000076
03000077
03000079
03000082
03000083
03000089
03000090
03000091
03000093
03000095
03000096
03000098
03000100
03000102
03000104
03000105
03000107
03000111
03000112
03000119
03000120
03000132
03000134
03000146
03000152
03000162
03000166
03000169
03000170
03000171
03000172
03000173
03000174
03000175
03000176
03000177
03000178
03000179
03000180
03000181
03000182
03000183
03000184
03000185
03000186
03000187
03000188
03000189
03000190
03000191
03000192
03000193
03000194
03000195
03000196
03000198
03000199
03000200
03000201
03000203
03000205
03000207
03000211
03000213
03000215
03000216
03000217
03000219
03000220
03000221
03000222
03000223
03000224
03000227
03000230
03000248
03000249
03000257
03000260
03000262
03000263
03000265
03000266
03000267
03000268
03000270
03000271
03000272
03000273
03000274
03000276
03000278
03000279
03000281
03000282
03000283
03000284
03000285
03000286
03000287
03000288
03000289
03000290
03000291
03000292
03000293
03000294
03000295
03000296
03000297
03000298
03000305
03000310
03000322
03000331
03000332
03000333
03000349
03000351
03000354
03000355
03000358
03000362
03000370
03000372
03000392
03000394
03000396
03000397
03000399
03000412
03000413
03000414
03000416
03000417
03000418
03000419
03000421
03000424
03000425
03000427
03000429
03000448
03000454
03000456
03000458
03000459
03000461
03000463
03000468
03000473
03000479
03000507
03000518
03000519
03000524
03000526
03000529
03000538
03000539
03000540
03000548
03000556
03000558
03000569
03000582
03000584
03000586
03000588
03000592
03000595
03000597
03000599
03000602
03000613
03000615
03000639
03000642
03000676
03000678
03000680
03000682
03000684
03000686
03000687
03000688
03000690
03000691
03000694
03000696
03000698
03000699
03000702
03000707
03000708
03000712
03000714
03000716
03000719
03000720
03000722
03000723
03000725
03000726
03000729
03000730
03000731
03000732
03000733
03000734
03000735
03000737
03000738
03000739
03000740
03000742
03000745
03000747
03000750
03000752
03000756
03000757
03000758
03000759
03000760
03000761
03000762
03000763
03000765
03000766
03000768
03000769
03000770
03000772
03000774
03000776
03000779
03000781
03000783
03000784
03000786
03000789
03000794
03000797
03000798
03000799
03000801
03000803
03000805
03000807
03000809
03000811
03000813
03000814
03000815
03000817
03000819
03000822
03000824
03000827
03000828
03000829
03000831
03000832
03000919
03000923
03000928
03000930
03000931
03000932
03000934
03000938
03000939
03000940
03000941
03000945
03000946
03000956
03000963
03000966
03000969
03000978
03000979
03000982
03000983
03000987
03000997
03001004
03001007
03001012
03001014
03001016
03001017
03001018
03001019
03001020
03001021
03001023
03001024
03001025
03001026
03001027
03001028
03001030
03001032
03001034
03001035
03001038
03001042
03001044
03001045
03001048
03001050
03001051
03001052
03001053
03001054
03001055
03001056
03001057
03001059
03001060
03001061
03001063
03001064
03001065
03001066
03001067
03001069
03001071
03001072
03001073
03001075
03001077
03001079
03001080
03001082
03001089
03001090
03001093
03001094
03001096
03001097
03001098
03001099
03001103
03001107
03001109
03001110
03001112
03001113
03001115
03001125
03001127
03001129
03001131
03001132
03001133
03001138
03001141
03001144
03001146
03001164
03001167
03001170
03001183
03001186
03001188
03001192
03001207
03001208
03001209
03001211
03001212
03001213
03001214
03001216
03001218
03001219
03001221
03001222
03001223
03001224
03001226
03001227
03001229
03001230
03001231
03001233
03001234
03001235
03001268
03001317
03001329
03001330
03001331
03001332
03001333
03001334
03001335
03001336
03001337
03001338
03001339
03001340
03001341
03001342
03001343
03001345
03001346
03001347
03001348
03001349
03001350
03001351
03001352
03001353
03001354
03001355
03001356
03001357
03001358
03001359
03001360
03001361
03001362
03001363
03001364
03001365
03001366
03001367
03001368
03001369
03001370
03001371
03001372
03001373
03001374
03001375
03001376
03001377
03001378
03001379
03001380
03001381
03001382
03001383
03001384
03001385
03001386
03001387
03001388
03001389
03001390
03001391
03001392
03001393
03001394
03001395
03001396
03001397
03001401
03001402
03001403
03001404
03001405
03001406
03001407
03001408
03001409
03001410
03001411
03001412
03001413
03001414
03001415
03001416
03001417
03001418
03001419
03001420
03001421
03001422
03001423
03001424
03001425
03001426
03001427
03001428
03001429
03001430
03001431
03001432
03001433
03001434
03001435
03001436
03001437
03001438
03001439
03001440
03001441
03001442
03001444
03001445
03001446
03001447
03001448
03001449
03001450
03001451
03001452
03001453
03001454
03001455
03001456
03001458
03001459
03001460
03001461
03001462
03001463
03001464
03001465
03001466
03001467
03001468
03001470
03001471
03001474
03001475
03001476
03001477
03001478
03001480
03001481
03001482
03001484
03001485
03001486
03001487
03001488
03001490
03001491
03001493
03001494
03001495
03001496
03001497
03001498
03001499
03001500
03001501
03001502
03001503
03001504
03001505
03001506
03001507
03001508
03001509
03001512
03001514
03001515
03001519
03001520
03001521
03001523
03001525
03001526
03001527
03001528
03001529
03001530
03001531
03001532
03001534
03001535
03001536
03001537
03001538
03001539
03001540
03001541
03001542
03001543
03001544
03001545
03001546
03001547
03001548
03001549
03001550
03001551
03001552
03001553
03001554
03001555
03001556
03001557
03001558
03001559
03001560
03001561
03001562
03001563
03001564
03001565
03001566
03001567
03001568
03001569
03001570
03001571
03001572
03001573
03001574
03001575
03001576
03001577
03001578
03001579
03001580
03001581
03001582
03001583
03001584
03001585
03001586
03001587
03001588
03001589
03001590
03001591
03001592
03001593
03001594
03001595
03001596
03001597
03001598
03001599
03001600
03001602
03001603
03001604
03001605
03001606
03001607
03001608
03001609
03001610
03001611
03001612
03001613
03001615
03001616
03001617
03001618
03001620
03001621
03001622
03001623
03001624
03001625
03001626
03001627
03001628
03001629
03001630
03001631
03001632
03001633
03001634
03001635
03001636
03001637
03001638
03001639
03001640
03001641
03001642
03001643
03001644
03001645
03001646
03001647
03001648
03001649
03001650
03001651
03001652
03001653
03001654
03001655
03001656
03001657
03001658
03001659
03001660
03001661
03001662
03001663
03001664
03001665
03001666
03001667
03001668
03001669
03001670
03001671
03001672
03001673
03001674
03001675
03001676
03001677
03001678
03001679
03001680
03001681
03001682
03001683
03001684
03001685
03001686
03001687
03001688
03001689
03001690
03001691
03001692
03001693
03001694
03001695
03001696
03001697
03001698
03001699
03001700
03001701
03001702
03001703
03001704
03001705
03001706
03001707
03001708
03001709
03001710
03001711
03001712
03001713
03001714
03001715
03001716
03001717
03001718
03001719
03001720
03001721
03001722
03001723
03001724
03001725
03001726
03001727
03001728
03001729
03001730
03001731
03001732
03001734
03001735
03001736
03001738
03001739
03001741
03001742
03001744
03001745
03001746
03001747
03001748
03001749
03001750
03001751
03001752
03001753
03001755
03001756
03001757
03001758
03001759
03001760
03001763
03001765
03001766
03001768
03001771
03001772
03001773
03001774
03001776
03001777
03001778
03001780
03001782
03001783
03001786
03001787
03001788
03001789
03001790
03001791
03001792
03001793
03001794
03001795
03001796
03001797
03001799
03001801
03001802
03001803
03001804
03001805
03001806
03001807
03001808
03001809
03001810
03001811
03001813
03001814
03001816
03001819
03001820
03001821
03001822
03001823
03001824
03001825
03001827
03001829
03001830
03001831
03001834
03001835
03001836
03001837
03001838
03001839
03001840
03001842
03001844
03001847
03001849
03001850
03001851
03001852
03001854
03001856
03001857
03001858
03001859
03001860
03001862
03001863
03001864
03001865
03001866
03001867
03001868
03001870
03001871
03001872
03001873
03001875
03001876
03001877
03001878
03001879
03001880
03001881
03001882
03001883
03001885
03001886
03001887
03001888
03001889
03001890
03001891
03001892
03001893
03001894
03001896
03001897
03001898
03001899
03001900
03001901
03001902
03001903
03001904
03001905
03001906
03001907
03001908
03001910
03001911
03001912
03001914
03001915
03001916
03001917
03001918
03001919
03001920
03001921
03001922
03001923
03001924
03001925
03001926
03001928
03001929
03001930
03001931
03001932
03001933
03001934
03001935
03001936
03001937
03001938
03001939
03001940
03001941
03001942
03001943
03001944
03001945
03001946
03001947
03001948
03001949
03001950
03001951
03001952
03001953
03001954
03001955
03001956
03001957
03001958
03001959
03001960
03001961
03001962
03001963
03001964
03001965
03001966
03001967
03001968
03001969
03001970
03001971
03001972
03001973
03001974
03001975
03001976
03001977
03001978
03001979
03001980
03001981
03001982
03001983
03001984
03001985
03001986
03001987
03001988
03001989
03001990
03001991
03001992
03001993
03001994
03001995
03001996
03001997
03001998
03001999
03002000
03002001
03002002
03002003
03002004
03002005
03002006
03002007
03002008
03002009
03002010
03002011
03002012
03002013
03002014
03002015
03002016
03002017
03002018
03002019
03002020
03002021
03002022
03002023
03002024
03002026
03002027
03002028
03002029
03002030
03002031
03002032
03002033
03002034
03002035
03002036
03002037
03002038
03002039
03002040
03002041
03002042
03002043
03002044
03002045
03002046
03002047
03002048
03002049
03002050
03002051
03002052
03002053
03002054
03002055
03002056
03002057
03002058
03002059
03002060
03002061
03002062
03002063
03002064
03002065
03002066
03002067
03002068
03002069
03002070
03002071
03002072
03002073
03002074
03002075
03002076
03002077
03002078
03002079
03002080
03002081
03002082
03002083
03002084
03002085
03002086
03002087
03002088
03002089
03002090
03002091
03002092
03002093
03002094
03002095
03002096
03002097
03002098
03002099
03002100
03002101
03002102
03002103
03002104
03002105
03002106
03002107
03002108
03002109
03002110
03002111
03002112
03002113
03002114
03002115
03002116
03002118
03002119
03002121
03002122
03002123
03002124
03002125
03002126
03002127
03002128
03002129
03002130
03002131
03002132
03002133
03002134
03002135
03002136
03002137
03002138
03002139
03002140
03002141
03002142
03002143
03002144
03002145
03002146
03002147
03002148
03002150
03002151
03002152
03002153
03002154
03002156
03002158
03002159
03002160
03002161
03002162
03002165
03002167
03002168
03002171
03002172
03002173
03002174
03002175
03002176
03002177
03002178
03002179
03002180
03002181
03002182
03002183
03002184
03002185
03002186
03002187
03002188
03002189
03002190
03002191
03002192
03002193
03002194
03002195
03002196
03002197
03002198
03002199
03002200
03002201
03002202
03002203
03002204
03002205
03002206
03002207
03002209
03002210
03002211
03002212
03002213
03002214
03002215
03002216
03002217
03002218
03002219
03002220
03002221
03002222
03002223
03002224
03002225
03002226
03002227
03002228
03002229
03002230
03002231
03002232
03002233
03002234
03002235
03002236
03002237
03002238
03002239
03002240
03002241
03002242
03002243
03002244
03002245
03002247
03002248
03002249
03002250
03002251
03002252
03002253
03002254
03002255
03002256
03002257
03002258
03002259
03002260
03002261
03002262
03002263
03002264
03002265
03002266
03002267
03002268
03002269
03002270
03002271
03002272
03002273
03002274
03002275
03002276
03002277
03002278
03002279
03002280
03002281
03002282
03002283
03002284
03002285
03002286
03002287
03002288
03002289
03002290
03002291
03002292
03002293
03002294
03002295
03002296
03002297
03002298
03002299
03002300
03002301
03002302
03002303
03002304
03002305
03002306
03002307
03002308
03002309
03002310
03002311
03002312
03002313
03002314
03002315
03002316
03002317
03002319
03002320
03002321
03002322
03002323
03002324
03002325
03002326
03002327
03002328
03002330
03002331
03002332
03002333
03002334
03002335
03002336
03002337
03002338
03002339
03002340
03002341
03002342
03002343
03002344
03002345
03002346
03002347
03002348
03002349
03002350
03002351
03002352
03002353
03002354
03002355
03002356
03002357
03002358
03002359
03002360
03002361
03002362
03002363
03002364
03002365
03002366
03002368
03002369
03002370
03002371
03002372
03002373
03002374
03002375
03002376
03002377
03002378
03002379
03002380
03002381
03002382
03002383
03002384
03002385
03002386
03002387
03002388
03002389
03002390
03002391
03002392
03002393
03002394
03002395
03002396
03002397
03002398
03002399
03002400
03002401
03002402
03002403
03002404
03002405
03002406
03002407
03002408
03002409
03002410
03002411
03002412
03002413
03002414
03002415
03002416
03002417
03002418
03002419
03002420
03002421
03002422
03002423
03002424
03002425
03002426
03002427
03002428
03002429
03002430
03002431
03002432
03002433
03002434
03002435
03002436
03002437
03002438
03002439
03002440
03002441
03002442
03002443
03002444
03002445
03002446
03002447
03002448
03002449
03002450
03002451
03002452
03002453
03002454
03002455
03002456
03002457
03002458
03002459
03002460
03002461
03002462
03002463
03002464
03002465
03002466
03002467
03002468
03002469
03002470
03002471
03002472
03002473
03002474
03002475
03002476
03002477
03002478
03002479
03002480
03002481
03002482
03002483
03002484
03002485
03002486
03002487
03002488
03002489
03002490
03002491
03002492
03002493
03002494
03002495
03002496
03002497
03002498
03002499
03002500
03002501
03002502
03002503
03002504
03002505
03002506
03002507
03002508
03002509
03002510
03002511
03002512
03002513
03002514
03002515
03002516
03002517
03002518
03002519
03002520
03002521
03002522
03002523
03002524
03002525
03002526
03002527
03002528
03002529
03002530
03002531
03002532
03002533
03002534
03002535
03002536
03002537
03002538
03002539
03002540
03002541
03002542
03002543
03002544
03002545
03002546
03002547
03002548
03002550
03002552
03002553
03002554
03002555
03002556
03002557
03002558
03002559
03002560
03002561
03002562
03002563
03002564
03002565
03002566
03002567
03002568
03002569
03002570
03002571
03002572
03002573
03002574
03002575
03002576
03002577
03002578
03002579
03002580
03002581
03002582
03002583
03002584
03002585
03002586
03002587
03002588
03002589
03002590
03002591
03002592
03002593
03002594
03002595
03002596
03002597
03002598
03002599
03002600
03002601
03002602
03002603
03002604
03002605
03002606
03002607
03002608
03002609
03002610
03002611
03002612
03002613
03002614
03002615
03002616
03002617
03002618
03002619
03002620
03002621
03002622
03002623
03002624
03002625
03002626
03002627
03002628
03002629
03002630
03002631
03002632
03002633
03002634
03002635
03002636
03002637
03002638
03002639
03002640
03002641
03002642
03002643
03002644
03002645
03002646
03002647
03002648
03002649
03002650
03002651
03002652
03002653
03002654
03002655
03002656
03002657
03002658
03002659
03002660
03002661
03002662
03002663
03002664
03002665
03002666
03002667
03002668
03002669
03002670
03002671
03002672
03002673
03002674
03002675
03002676
03002677
03002678
03002679
03002680
03002681
03002682
03002683
03002684
03002685
03002686
03002687
03002688
03002689
03002690
03002691
03002692
03002693
03002694
03002695
03002696
03002697
03002698
03002699
03002700
03002701
03002702
03002703
03002704
03002705
03002706
03002707
03002708
03002709
03002710
03002711
03002712
03002713
03002714
03002715
03002716
03002717
03002718
03002719
03002720
03002721
03002722
03002723
03002724
03002725
03002726
03002727
03002728
03002729
03002730
03002731
03002734
03002736
03002737
03002738
03002739
03002740
03002741
03002742
03002743
03002744
03002745
03002746
03002747
03002748
03002749
03002750
03002751
03002752
03002753
03002754
03002755
03002756
03002757
03002758
03002759
03002760
03002761
03002763
03002764
03002765
03002766
03002767
03002768
03002769
03002770
03002771
03002772
03002773
03002774
03002775
03002776
03002777
03002778
03002779
03002780
03002781
03002782
03002783
03002784
03002786
03002787
03002788
03002789
03002790
03002791
03002792
03002793
03002794
03002795
03002796
03002797
03002798
03002799
03002800
03002801
03002802
03002804
03002805
03002807
03002808
03002810
03002811
03002814
03002818
03002819
03002821
03002822
03002823
03002824
03002825
03002826
03002827
03002828
03002829
03002830
03002831
03002832
03002834
03002835
03002836
03002837
03002838
03002839
03002840
03002841
03002842
03002843
03002844
03002845
03002846
03002847
03002848
03002849
03002850
03002851
03002853
03002854
03002855
03002856
03002857
03002858
03002859
03002860
03002861
03002862
03002863
03002864
03002866
03002867
03002868
03002869
03002870
03002871
03002872
03002873
03002874
03002875
03002876
03002877
03002878
03002879
03002880
03002881
03002882
03002883
03002884
03002885
03002886
03002887
03002888
03002890
03002891
03002892
03002893
03002894
03002895
03002897
03002899
03002900
03002902
03002903
03002904
03002905
03002907
03002908
03002910
03002911
03002912
03002913
03002914
03002915
03002916
03002918
03002919
03002920
03002921
03002922
03002923
03002924
03002925
03002926
03002927
03002928
03002929
03002930
03002931
03002932
03002933
03002934
03002935
03002936
03002937
03002938
03002939
03002940
03002941
03002942
03002943
03002944
03002945
03002946
03002947
03002948
03002949
03002950
03002951
03002952
03002953
03002956
03002958
03002959
03002960
03002961
03002962
03002963
03002964
03002965
03002966
03002967
03002968
03002969
03002970
03002971
03002972
03002973
03002974
03002975
03002976
03002977
03002978
03002979
03002980
03002981
03002983
03002984
03002985
03002986
03002988
03002989
03002990
03002991
03002992
03002993
03002994
03002995
03002996
03002997
03002998
03002999
03003000
03003001
03003002
03003003
03003004
03003005
03003006
03003007
03003008
03003009
03003010
03003011
03003012
03003013
03003014
03003015
03003016
03003018
03003019
03003020
03003021
03003023
03003024
03003025
03003026
03003027
03003028
03003029
03003030
03003031
03003032
03003033

