79031316310
38664263042
77052789111
79155372791
17043226225
79124660142
79278831830
37256495225
79817663853
38668240460
375291545684
77089366576
79288626867
79192801954
77776959320
37379931186
996555473505
77077264788
79324205601
994703221247
79527964104
79788821051
77071525490
79296581677
79246629236
79781456819
37062205811
79536170211
79261976149
359888142454
393292190113
779145483100
38962447847
38972370807
79501640999
4916095792366
37369641512
79803310999
37255525358
79646843873
37379946864
37253459478
4917623544173
38967605221
79648347392
37379795076
375256062372
77759547081
79586288020
79031621650
79038758757
447535273877
4915210129522
79826549970
79086355576
37455801350
791506405252
79220250024
79201015727
79522100764
79888336262
79090769599
320730315247
79635533920
77751421324
37368595878
79788333175
79788505208
79323322393
77054291801
79531034588
491634814035
79177152499
38973404992
79091312022
779671787853
79780030486
37127065149
972549728122
37368385856
37323523197
38678104173
38984629946
777027963527
79126399831
996700560054
79533825950
777071577248
4915756033348
77078155358
79884140927
79049956017
77784523859
37322440638
79519360372
79188075108
79876135627
79178092476
79137725598
375299884773
77054055333
447510812019
79097162825
492269180657
79536878627
375296204801
77017361981
37126994686
375445132090
777116665069
37126896609
79117910780
79539456789
375296543657
373069927199
79292450532
38562423472
302310617353
37122469650
79144072623
79092090719
491786804184
37129722125
4915204870871
77051746465
375299427541
79780038105
79090468558
47256758915
77754453592
79085192078
996700818184
497821959803
37060263461
79116808024
996771897974
37360448633
79535163568
77478290182
79604011131
79089069644
79505556780
79824561655
77055268076
79788120901
37368521812
37255513368
79101527986
38933034752
79081151481
79263602453
37060865943
79139641535
375291705567
79119172490
79236144055
79529644951
79149154378
37254506501
79126205187
79229113106
791226663207
79044905388
79046322817
79633255868
79773434925
79878710625
4407747025269
16464237791
89608513161
79788995720
77074668184
37255599252
79248624255
79897063719
79630382345
37360903072
998935202893
77752590472
79507495733
79511555143
38686786721
375447139548
79208111398
79281108807
79616827505
79197219066
79674299341
79891635389
19714079742
4915231954285
372255629176
79501912284
972523578234
994552997131
79821497200
4915175086327
77779613669
37369924678
79512958501
79150583273
12539618500
37060789793
79155558230
79378455740
79635682921
79166862925
493301203176
491763100425
79266496855
491764651351
37124845240
37494314254
79222629562
79992457190
79241227495
79522818955
77713282054
375447782881
38953065036
79651782842
38963380237
30950420510
79514739290
393285659667
79229576429
79627489459
375259237684
996702589839
79085850284
79085840643
79635513197
37377972397
79281070217
996778448165
37065059599
79281011969
79624522055
375297459736
79102249552
77074843406
375336423816
79961702743
79602003066
79055029657
79043967268
79036746990
4915209865951
34632942330
12535070520
37379472196
79237821653
375296997596
491578294664
79020952086
79120216304
77070317602
4915122847504
79052272082
77087586781
37253912567
37127034332
19162243370
79090839899
38968169895
79101678091
996776868755
37065326135
37067385131
38962709023
79044465583
496596160099
77477631673
79780360575
37129476635
37369847975
79514676118
491766709929
79611326905
375292775468
79226232532
37125440338
37491929206
4915159900099
79527288834
79223093304
375292467763
78314606112
79117475130
996553011021
789632475911
375291516575
4915754840156
79163252779
491722118812
37368558021
375223523241
37060089108
375259087163
447508611968
38665358937
77013901589
79180258150
79788255878
37068341487
79082378776
79881495250
996777777220
79535671088
79281477345
79632993430
79217972381
79997729273
492352549938
79537557328
37065513057
77471251121
37256965396
79811635265
491605472103
375299671099
79158910097
37377563070
79161976210
375293914653
467023825880
38661448812
495225240500
375234251038
491728192283
79091338536
996705552536
79613559945
393277789855
79045265141
375444543869
38672830491
491511005307
77075437580
79501559908
996550295466
4915204604409
79096642460
37378740257
79021657075
79295967023
375333615354
97699113115
38978642669
14253514338
79516510053
79635422927
79187146524
79787925207
387079405417
302384024865
375292522159
375299449974
375257279284
79043156986
77778939492
17205326482
77015368954
79605470331
79788885732
79085987280
491578434420
37155513368
79616211973
972547556813
37064878942
375257748576
38935308403
383806617191
48607828984
77001139989
79217123377
44761369892
79127056639
79137775720
37255509350
38930400961
79521421625
79650957687
375177151438
79196113443
79524825183
31615866158
383806398025
79180835035
79105202157
79528158725
79821676707
447878179219
70174239046
79096585675
79825066887
358406697001
491573812839
995551096836
79037869306
79129906692
79811992825
491634397659
37360924199
996556580771
38665276829
77052059949
12532243551
994709284016
79171937120
79102990015
79144227113
37368446210
77074857946
77712420531
77071054243
79254452320
371371261910
79040483612
79028909214
77776093555
4917699948123
79514228577
375256103044
777777050468
79137622807
79173560351
79829916206
79005257073
972527476091
37379837136
38685932733
779529643774
37062107614
375257503183
79829669287
491725851360
372066373797
77477725442
79525001722
79777272068
343460533898
37377788845
14436104550
38413042203
79780542785
389128522714
375255309664
38667774222
79882367982
359887397643
79528769505
861305153323
79049848032
77772720063
79506925249
79686430954
79877179077
777474333613
491734810659
79653430969
79534176189
79667558591
79020977332
972586927781
79191303944
77027963527
79137420640
79174533598
375295868401
994503301211
79096989553
4917627399256
37129491450
375297074175
792082792411
79644242801
79186173974
79174667466
375298427016
79510879393
79639622420
79089025986
375293294445
375295256561
79384017755
37322480456
375291464903
79128522714
79506155094
79041770756
375447219418
79521408409
38976988023
37125529577
358407375244
494920565954
79378564537
79660101126
996559565310
79535154007
38972797667
491771648719
79267059678
77073291739
79534212069
79194534684
375296089852
491516602245
375444619799
33607439756
79182124503
37256702543
996778350095
4915778233105
79537538814
375336303336
79182304196
375336894493
77477387487
37379119615
375257009134
306931214517
79042394975
79046641913
79211384429
77052033077
77172398323
77777989828
37368591766
79205504394
79269744550
4915731551820
79048756926
996706606644
79090033288
79505859357
79108605529
37258515534
79246312101
79122467462
37496555635
77052036688
375259456598
79114108884
79534610889
375291569401
79222188502
4915228796597
79258002055
79207378220
375299883894
79131534291
79243532675
79180025313
375257852936
491575854562
79001974927
79211381484
79229512896
79129300279
380631488252
79502777908
17203177536
37377914966
996707335528
375336568576
491522673182
494312894905
79006930586
79141569665
79851531811
37306960704
972528086582
79307613498
87775738845
77014087119
79233987776
79870225759
79259915531
79196058624
779222584816
79685799544
37064675933
393802694463
389112901959
79263498065
38962846180
79671171178
387918480782
491729256355
79513473210
491766118802
37379370317
77783469253
37377702361
38931138971
375333082576
79147699537
79095874259
79111539742
996702171971
37061832300
79616994077
79106639881
79529629066
4915231943976
79281969115
31637225236
12538864478
79629588819
79536948917
73654136436
79288282258
375447073994
779787953349
79507337890
79787670714
77023743396
79169467967
79967246464
37477905965
79876185377
48518669980
79174736677
37369186544
79119417201
375256403229
79222115410
19165799958
37063362704
79827842276
37360262210
77759505937
79115477542
79262687049
38962052150
38966130217
37126861391
79183538041
38500374753
375292420723
79223393817
77074310190
79182940506
79515012631
77077639842
38508015403
359888115199
996555929387
79787317362
79229396103
79176179086
79269925078
491742698016
79532911059
37067289435
37377760480
79283725557
491766709918
79190362618
79308259720
375291105711
79646867374
79177008435
370863876432
77778063362
79215734171
3889229376112
37494112972
491705071304
79538181550
37369687449
375299338840
3838068459332
4951757801947
77073886600
79119370407
79217655780
79180397336
79042131126
77774852205
79195018557
495532504748
491763171149
37060385082
494761922540
77715419248
79780034215
37129375455
375297884476
79686503014
491779136424
77713724689
79108166182
491744520424
79119470092
37256633264
375445790714
79515204450
491762094619
77021337463
393665039394
37298638538
79513346635
779605255056
37127185975
79115643143
996555193417
375295009067
79314019967
38972613133
375172974662
79524497052
79536283015
491795427391
18282706207
79167518697
79199073375
79506437755
77479624577
79781380933
79174737060
48603847765
79503906416
996550055950
375447639881
79780509413
79192695755
79063189853
79211172054
447576868698
17204957353
79671755027
38096746032
37360514365
79373249194
779298050473
38939272040
79780145604
79127136633
79091311640
79146597086
79615631015
491575247351
79788473181
79056402414
79509273809
79263990571
79620699327
37061003995
79113164211
37068734211
996700573223
79788315296
77016227632
79265908373
4917652654657
79282405025
37377715310
972587279667
77024520822
70259156515
79264007923
77753573434
37368228836
38663884805
79506920875
38982474933
77753866083
491575559469
38675968844
38955743210
79151291900
79528694260
380964208395
375297021227
4915773234886
97255246221
49742531043
37368229009
79064598413
37028945612
77770569544
79630956253
976684626412
38958800587
38637264508
491733777716
12022519128
37369624227
79043748503
37360619372
79539474702
79047523916
38731025873
79009237925
79527786158
375291785473
996702048285
777073834801
994555437185
79284985298
79208021811
9960557190351
37064809566
79539405269
79610420004
79243665752
387988972339
38669844384
79298310540
79531336253
79159729812
79056365355
79999739565
996554282283
77052264732
79282640663
371371260199
79108819344
38668374580
15148047143
38951439878
77058284509
79269062644
79282359447
79878479871
79029473771
38684907279
79189345253
37128928212
491762236503
37360108950
38980221978
79159907271
375445137119
375259806579
302662022006
79167560172
972507459200
370370684101
77779184950
79142976206
79877242923
420606529630
79328593088
358456170288
79851008383
375447875924
79056881189
491578429404
37060193792
38550729520
79113071552
79021644044
38997664221
79112319401
79780219457
37255537193
491724387673
79160738072
491578289677
37060032279
79891652827
37120557920
38973009609
79787276970
491607620386
79189185030
797888116120
393285372251
38996185501
386091792670
375293310267
375293501180
79183894679
491743890378
79872404454
79787162176
4917621409015
996551551604
491575343480
79146346640
19162246505
996707343441
3597405323722
3880502628290
79536047756
79115883114
79516114145
389087883523
789222646800
79202649435
77773004622
38679892234
37061638197
77784258443
79617675000
79526826929
79245344332
31619480770
375295256260
37361075684
12156923422
77056114804
79198438546
37378301922
38979378060
79782142186
17178756251
77472042486
38984671696
375298520008
779190301007
79199441270
70259253594
79122400136
79026990605
79272560747
494216959518
992919511991
4915226938607
491629887908
79254544386
79248489959
38689957273
79788448675
79378480407
79193949517
77015221833
79532859584
18644977978
79058769476
79501574260
4915213172363
359896897115
79159851581
79780228054
37368239554
12535084586
998933822661
383712679849
79897708395
79645872444
77784097059
79112901959
79312304697
79085572040
4915231989940
77771077905
393272474217
38676103977
79876121289
77478817368
38993082487
37379757217
37443349762
787015806726
3877775405911
77078583855
79603680435
79168010880
37061572017
37063940557
38955204818
79522079705
17605009332
491798208626
79192225996
491771535270
79127049808
79081025146
37122840824
79878985288
48573012723
79501640997
38322227846
375257959922
79040459128
79089285878
79273250744
79081008627
79193504378
77772389314
375297633895
77013895996
393809098171
79038850727
38686009496
79826681618
491777577799
37064271022
99670802225
79195102506
77013452289
34663890673
77754680650
79145478593
79829833528
779254544386
79648853720
38930621793
79113152606
375256141728
13473949707
79150222474
996709536565
79287632891
79530890545
38933680035
79501944813
497021861769
375802930763
779517708359
13605033744
79164385748
79513560654
79179213658
77073940835
79637770483
37258235395
38931527010
383809352344
306946595198
375255411014
79214507306
491768854149
12074206385
375293306943
79681014773
79688388391
79636760239
789638420595
491523458544
79654566727
79200202018
447465199575
375259200666
492264200486
37061563132
79208814393
38973325129
49827141962
375297728849
79523038899
79788845439
79114674834
491773394305
17033625040
37323161862
70259214084
79630386993
74233761036
491765708452
79518473563
77051321079
38683983728
375297729957
37368218024
79227117909
79060393897
79851090516
777012333108
972548158512
375291122276
79142636250
79195125965
3892484501960
37491157585
79033864268
79620977784
79262484527
79086416911
79181732265
905338223207
77474527401
375299845667
79023119272
375445682619
79270532617
77478378025
79676128737
996772153619
79237306272
972524434974
79850180188
37064751064
491578586868
375296780678
998909275827
998712697191
79772833848
79229270095
79149590417
375259025728
79004607179
497620333911
4917634948212
79378223491
37493394996
79506410097
383752920223
77014907087
359888809158
375259447279
79263930519
79920187620
79262540109
79608727500
375293739740
79294339012
18507768577
79208513999
79506562877
79081030075
37127077072
79170471234
37477988474
79217715727
779090135933
38637291638
38633282732
491763499227
79876307312
79214644090
972549875521
38954277656
79635508891
4917662654267
779780853460
79299311053
79536194924
79516164481
797699751707
375292142094
79214694753
79028756879
61410380134
4915253185111
38939136199
4915159431743
79266446275
491573780738
77070516265
383752570679
79964239808
393891712620
79128612382
351965785115
375292840797
790664469970
79683979821
4917658553903
79774577385
79247525405
373373697865
387982798057
79817385657
79659875713
37060192240
79054194677
79127498319
79186034545
79377403440
491764175788
79998351854
359878479141
79173422011
79650042824
33751521089
494176301599
37258190275
77715805527
79600517120
496934058333
48574180029
998933183713
491573440244
17202278988
79816020442
17637447782
351256188332
375257876194
79035661127
79295035354
77762847343
37379119614
37256756140
38679824697
79058254259
19045998762
4917621538267
79819508600
302311271723
37325057371
79131181705
491575163894
87771077950
79058002223
491765704211
491723092072
77777584973
79501511638
79655091395
79267825493
79528418713
9722502603399
79101298748
79539455086
79651010624
19169930616
49524139757
996556170773
492684978132
38977186620
372580569027
37067059696
77089256214
375444996684
77775405398
77771456250
79279499822
79614617008
79627039391
30983550097
4929921907868
77478377955
79089047859
79067099641
38935078940
359879556411
359895881918
37367357275
972525838532
37368623216
77776623406
79206592514
4916098040295
37120822020
79583996085
79533357274
491763739301
375298844343
79277924360
38968661414
4915209027788
383809936820
77751818496
79633535322
144785987933
37067346988
38974737241
79161972497
37067283233
795150048063
79184659758
79533154868
79642461949
494902359299
79064087425
4915757447441
38953490317
79002988124
37062017177
38984486124
375445351102
996996555084
79531453313
998946798021
79920107240
491764159136
79884961448
79014139418
79082348496
79814041457
491773408840
4915227111493
97688859243
4915755244999
37368516647
79089149836
79384303816
77775355038
998564705667
491776744039
37367674262
38975738041
4922236949039
37060614521
79237330890
79180565526
79131585638
491577829757
49629557117
79009404757
19059951660
37369614414
79815001047
77714960419
77771114457
33768207443
996778406360
79025857205
79811492026
16462664251
351915832115
375256137889
375333831073
37323026218
79626328400
79513552072
998901750510
905488246386
491703520883
79615675587
38937985834
491578172096
779528945862
79828285477
491766099341
79096789574
79200265125
375295741362
79880247040
79826659156
77075679977
38981218133
996554071959
79228814207
79320191207
491607987345
37128778089
972586999009
393312498684
77012410420
996702811911
79787530556
79167212427
998909943782
375256634901
79035348537
491523368283
38934707007
77017462475
79142241278
79780036279
35733656293
359899752820
38680973782
77474011785
37494605429
79251875993
38975260495
972526348740
497771338385
4915773593940
79780360817
79825543933
375336695540
380988680668
77756639999
77475817554
79177816120
79126064136
79196181263
79129307380
79788114136
79183082832
79616536678
37377726738
38993810253
994556630476
79189019702
79267950553
79652607297
306986129140
77766868881
375336592107
38676851296
79296485034
31620704249
77772026677
79632370011
48883790418
79162174624
375257758701
37126039518
37061852031
38677641203
79037413950
302541067178
79374779673
38688300534
375291563211
491728090674
79513478440
38663372304
79871313088
79506081767
79279613668
79216545706
79627937220
37525512819
498191966780
79283629520
38668765425
37379615760
79507850714
998935436436
12813005488
79123830547
38989800104
38991509750
79124103220
37258085699
79871049024
996770516610
375256052187
37378343092
79200031970
79204016831
37529404345
79831848839
4927355043559
79274170811
37127499833
49762259037
779687063537
496292929085
79088123100
79602385429
79610430101
375296677807
79140113035
38935499361
494015298029
37455289617
19413238353
38964086441
73432624875
38689648506
79221196989
38999800784
4917657625828
79002067376
79506953089
995571144155
38506539593
359898728154
972506408944
79630489172
37477757197
495363811294
38660324057
447074070805
31611703837
972544923574
79208492232
79167369722
38986204974
79835334064
79142158287
972547300648
37129644575
14802044250
38509304213
370125362413
38955317692
79271491488
375375297921
38508548875
37126003390
41786981817
491762215846
89634404547
77014058365
491523171812
77718514834
79857794812
375296927849
79264610882
79922146621
491739056135
79521351560
79269568525
38977553763
4915129502740
90537816629
79165332944
491523435442
79199418969
77011112447
77024512870
79124187250
375259710040
77003073279
38978440112
389051030745
79045424370
79501983982
79189244196
79539488372
789613725577
491638037868
375336130279
79266227015
79221344605
79513498997
797899182331
79058349505
998909942721
79516089230
4917657838625
79263940973
37377973690
37128800413
79650328343
38997672752
79507829821
383806745535
491749548802
79524309049
79128124957
79872191193
37525924835
79778129001
779133270119
79652938230
79136058810
393290856995
375298740632
79052874156
79021655170
79627154590
38730372682
79652491188
37125424368
37361096937
14257375562
79183459708
37120258614
495251683221
996771336623
37377917121
79095170344
3730660364462
375299449289
77017770080
74014297205
998909275828
375255053376
4915774736924
375299670643
79248268019
375295513443
37120322218
79117912037
79191342245
38700277184
79641823638
37368632265
37493772838
375299858386
77071117546
89323356033
79037368696
79527007354
37127720947
79086363276
491767279854
373076034674
89630941715
79539499761
4917663089972
375291469687
79086062156
79130858827
79519278938
371371200657
79513541063
79003704136
4917627310480
79228493094
79058879685
491575591853
38508662679
4915784058478
79630921727
79232737000
79127326862
79029875979
779066168039
79528732574
12062952333
79538211022
79834568486
79065096966
436991705320
79058721984
972584967988
375296030843
79098571409
79177877342
79177010944
79302761840
79082590436
79179339227
375447794459
79166446041
19059266940
79373232957
79221041040
494971812152
79105186520
79226665773
79967246868
905367703883
77073552489
37256898015
998901154022
375259487532
375256170591
996777790643
375802924490
77017943182
79067781077
38666790289
79234668887
79042123440
79155743910
79609889873
79223038762
37360457128
996553019777
375298301208
996556113198
79164477857
779689368190
375255232829
393274551122
79776168652
79252882575
383753336467
375444919063
38506322311
37369916094
998909153799
79188299406
491724423219
79229679531
79524814509
79617759325
77478062531
436606026627
49745219735
495785119425
13156791169
77472710366
79657691369
375172338640
998946618773
77472703465
77753862298
97691339133
38973027414
79670390444
375298549217
447542965471
375336556185
79816831583
77771408006
49569189760
79649241795
30984257541
37129635709
4917647985941
779502064622
79000436375
79533234852
77476059827
393464163727
38504186205
79248685931
375445115962
38967451466
79298057745
89308384658
37529888716
4917074400369
79524914318
79781467180
79229012630
37129238318
79518962361
14086008815
37378403769
77023469710
79294713242
375296873199
79264367777
17194298460
79827562538
79781003884
37120018789
38984545997
79371259275
37067011911
15868221538
375298763385
79066899040
491636616153
79995102570
79196130561
490163158395
491767262802
491578245978
77019157960
79168752720
19176692662
79788074773
79623703135
79149452199
79874458915
79834339640
4917680479032
37061874311
77771892776
79109356112
79268765527
79179302795
79521465309
375255430823
4917641544740
491763410005
79787269932
79531339970
79064484175
375259118040
37369156102
79192755050
996700803479
375256524799
19162416577
375299341217
777058121818
972544558865
998909608172
79501482019
38639073004
490176800569
79208723218
37368293088
77774690329
79105954360
79834620038
77072232679
79029926173
375298005962
79027442006
48576815367
375299729508
79629072299
37256612075
38688098149
994513239009
79501983158
79516203823
491523429488
79129060534
37491380022
37258252147
998935623345
79167101877
77751616720
79500198528
37127700186
79153797980
79082851633
79128261210
375297907109
38635757408
996553877513
38689987772
79528037246
79168296316
996550611161
79501526140
79625921511
77055295138
12078830517
79127551400
79534670031
375444671058
491512823197
79258466070
37360290493
79189320367
38937760427
79407132482
79642514206
996550706548
79082333775
79272534677
491578700479
393895937965
79228120354
79221961578
996700003967
79787343911
4917663343645
375297893966
79173104118
37068235785
79151774762
79612123675
12892539336
375298899887
79087070474
79273087972
37368042480
79060486565
79873377031
375295085618
79175508924
491767800607
79661691063
79199510509
38956505112
996702000402
79827243343
79263358710
37368106944
38672712492
79586657367
79244692247
79221117170
4915778297571
79196009420
79824124577
79512437477
79787812808
38969028002
79250375232
351920111610
996705045709
4915753463804
79033113224
79217905480
37255652104
79066403678
79287583570
375298680505
375445846311
38662814762
79067275004
38503346141
79613727270
79194222344
393669740006
37064811452
79028518252
79609790845
37378105628
79685630027
107022370841
79210410588
996555582981
77771077950
37068829853
79807472630
491765563584
79780392406
37060806733
79080698056
373078287058
37379237923
375257238916
37498761240
79119081497
77058943041
306946943887
996709461686
375291510175
383806814565
31645222619
37255571694
447553757137
38634118416
77055860467
37062130206
79372897031
78165143281
79178916324
359988306488
777713757235
79049947652
779821497200
37378717405
38988297532
492615792644
79536006280
79139726292
37125424486
37377596605
79531358401
447447651576
79158345215
77014476527
79530087990
4917630132256
37256675892
499285968878
77012921222
79788087064
79829675785
79105683184
79180792150
79270601286
79117688003
372127007824
79600688665
79082348419
79090099949
79124577467
41319917420
79378519463
375257759460
375295012261
79638850257
491762335459
79883188477
37378556077
79502003463
998909442346
38445877470
79169468171
37122827951
79127379853
38962060773
79243060247
77023045847
79583949253
4915734773581
37127126965
15095283314
491717483223
79374723424
37256451241
79126110680
37547646597
37256176273
491573731008
79038112207
491575744744
4915731773604
79270782720
380971054044
79521305601
12533304960
495771917806
375299514669
39388113005
79055902196
38509685769
79167314986
79780625086
375336770516
79123828059
79821329085
79825399666
4915234572299
77473747927
387379375283
79020104591
491578353637
77770963938
37126526225
37256494700
79119657550
79295017971
972547623120
77056241091
12253004814
79829072762
779787016186
37126024308
79105942835
306979374059
79683991809
38986638513
37067928447
363502178680
38938321751
79172765307
79175662914
37368275331
89208319045
77017284002
79138378555
79214808350
37369474487
77077181833
77074474754
375292900058
79677150690
37368917298
79223232397
77073999570
79252148482
79194255267
77751592007
37368172720
79021957267
37068680612
3880939083078
79161584536
995568864243
79233698701
79120073258
79082755008
79133115818
79531893235
79030811871
17682757471
4917699090428
996778996588
79211494470
996702803732
79277456118
375165544614
374966705000
79531365568
359887807614
79205886647
491763494820
375298200578
393320264106
491629547974
38636646836
393280856543
998979231371
447515451546
375298845814
79138389685
779255700462
77012450639
79175892586
77775738845
77472747953
79514691659
79122893862
79180623711
37355723283
79787682210
37129185551
306906109122
79192139712
37120055040
37258320513
38674741423
48515755234
37129469755
79110102446
4915233682836
77776817195
37326260817
79536173882
18285458625
79126453093
79515143829
4915122847503
491703555578
77013623934
375444955876
12672060976
15616761878
79817006989
996700307595
79829973362
38689801398
77775729572
79507230756
79224130973
79167983000
38978180648
375259404345
375298286539
49517125497
79653549186
79127588817
37379119678
79533376671
79539491143
74875224319
79121360248
79787569868
38933101143
79255700463
77714137435
491764176468
37377850730
37061676353
77057614997
37529833770
79501640994
77028623843
79214425871
79782024375
79688356039
79118603968
387920254790
77079740049
38973473428
79174404603
79685682576
37060632015
37378015168
79603412105
375299314500
79780360607
79198969510
79021493048
79267261227
77775722390
79026327575
79533303978
79183914105
37378057879
79637321318
38931171033
79780749515
375172610396
971564705667
375256321411
48729248486
79120289207
77086674223
79521418704
77784999904
79619536834
79043965052
38637211770
79127256097
37128662583
37493204645
491604141604
77776419624
77754701744
495750488223
37067715900
389180565526
18644314359
79604428024
4917620317862
38950710791
79530584736
79169468111
16784464218
447909127844
77052450891
77055225253
79183680675
4917684706189
79023081323
79190139917
4917657625827
79826371780
79243877735
79191084549
387928427600
79227117705
375336633040
996772915591
375259265211
77272948924
79180786903
38930112001
37126125184
359892926097
79134194184
16052130045
79081128729
79298070067
77022944007
79056785151
38679904492
79516225147
972052790052
77051869022
79642006333
79174932696
79261269369
79186440795
79080595576
79004808289
79617983069
38989570685
37256316845
79671927900
972544261315
79787553234
491765286978
375259513306
79273226692
79527352794
79523484232
37360530513
79167986742
491784977246
7905532844669
375255464821
79097172509
375257856579
79658029880
996700140263
79250602624
37377847960
77059018158
3730604254447
79604876990
79243006853
79371862210
79530566846
77054156675
79174014394
79508028491
491578419788
77712743032
77077778212
79024433989
38636747370
79787050241
79536828169
393277888354
972523237777
70995663421
79024108196
79177934211
79996557667
79610871118
79829695614
79627437017
79672096083
375296024247
79624941463
79005285175
375256204115
77075673454
79532965773
79530392263
77758095939
79165179877
38970428646
37379061931
79631305788
996550036947
799670089360
998909654837
79505345723
37068610212
38673230300
37069947757
79379644372
972508835102
79092270489
37064889276
79788448674
491768449324
70299992196
79127652677
77014789355
79169469119
77074476550
37129973592
4917624965429
77775222225
79095602193
996312575196
79197233210
79080813215
996550398693
79254617026
37061598146
79870038975
13106223536
37377742970
79873611674
79144205045
79780797713
79524402537
371371270365
375293282771
30964131295
77073017450
37258512635
77013043956
375336374828
796113122074
79187619942
79780406774
490152019430
79177739092
79193652710
491523457229
79147738919
79505381844
77071075994
79082557122
375296570793
79093896821
375299645253
77771770199
79120178887
38988952249
4917622512523
38731024787
79266033589
79510101146
37368693705
77076806548
37378360186
996778237943
375293470402
79246168907
79655106132
79505122391
37544530461
48733433715
77757302424
37377821027
375295251266
491578845469
495755244997
79642203587
79064022568
79531303924
79656485919
77051047734
79053900991
77754323719
77055551441
79003721961
495151030366
79202617293
789258466070
79806599418
373285705200
79534752661
79182237727
18327741677
79630682960
79123325943
375295348244
79685135426
37544495588
38952040853
96176438285
37061007027
19168806123
38674631230
79608025097
12533893739
79883681160
37129992343
79069426041
79823855153
494478812096
79063009786
4917631562974
77715950466
37258157793
79299956927
38677403111
447401737367
4917622590378
77786466875
97690310150
79308474632
38688658062
77212535547
79151810356
79201060968
79035625660
79520597329
77928445512
998931716256
79625344042
79090929808
79780118867
359885331135
972543462509
37360125710
79105286156
77162763122
79268661145
79043261291
375292624818
79161982903
491605471102
375172223920
79126828126
79776871911
79627670779
70259472209
972508124132
38444081609
79002571502
89222623539
38971018880
37127181788
38939933298
77014491209
375257177861
998936282591
38684970652
375445881786
37368861607
37062302113
375298393797
79609048563
79182015719
37369527218
79057606011
37067346928
905074774159
77772886020
375291381462
37126056343
79193659791
79086063215
383806690266
77716366237
79164660426
79098198446
97699843775
79279285133
79214644091
16465004248
37379749936
79103601111
77473109822
79154326449
79208505038
38668228020
79164399269
375297587355
38675387230
79180224876
79530430632
375292309838
38686822713
79825648204
375297203240
491634013056
37129922817
905078253500
996556996202
37362117049
3751234567988
375336305512
79136166988
37125715852
79044351334
37122053202
37377872098
996703698433
37377746003
79517212746
79821929243
79504568035
77772868036
79204653870
97688160352
12048686020
79510864261
491794457850
77012570936
9940775147087
79222183765
79772806443
37126768119
79684712082
79296449124
994503239009
375292095725
79041682611
77772976013
79054908461
375257416580
79508314240
996705707977
38970595937
38734175700
79625663956
996555193232
79105239733
37369280032
375297047950
996748402355
19059140433
79082411669
79057537949
38936163650
79101529022
12676321425
37360292809
79777512919
996555304837
4915774431376
79834231812
77753082052
79619014958
79221041647
306909138949
79114521355
70333653314
38687034631
375299402846
492261470451
37379568975
15099993226
79602432503
37378417426
79108080672
38678388035
37529131174
79055826694
37253558082
491777802579
777752706527
79105807632
972505553985
38986203721
77012977661
38991534454
89123830547
375293414514
393275403294
37064515286
79289042785
37063172613
13138919745
375292841218
375291641381
37126470585
996559464173
79506706804
37258517736
37378287058
79101729181
38734737228
491768326960
79251346830
18326921685
79200677755
375292804751
79780819912
77773062149
79803481517
79179303785
77078480228
38932559221
491573372893
79050431230
79635624480
79295725460
79215220659
77078177262
375336611513
320032479472
375255446136
998931830722
38663270640
998983049910
375299570840
4915118436745
79817795830
79164152945
972547754280
37378387150
77078074419
375445943252
779212837022
79189115135
77075150522
38993562911
498191985841
79102046140
306994001921
79536979471
37060843434
79853182097
37069977478
375336954464
37369215564
77076050104
38731909677
79086076043
375292876612
77023523558
79992262376
79141688421
375291689338
8618510181255
37369657449
79829140223
491757559975
447886023293
38965227975
79221458390
79657285245
79780025619
13477859505
375299090912
12063318927
491779717439
994504155780
4917622033149
79028464786
497262912845
77051497782
37065011374
79788544789
79661711212
79787301451
79787706002
79827677786
79867677715
79283250830
37253018354
3889156458192
79110625366
38504070512
79788218563
996702075450
779022534387
37533330447
491635115145
491758856439
77025090860
79870562542
375336622404
393206746964
491781757993
358469552391
491522164103
998981287741
30997653487
383752552755
79881762123
79250700763
491767218635
375298049274
79817214121
79222259291
996707013225
375295673804
79228297019
79370750647
79255221705
777029852185
491737454751
79626796104
375292228383
79048030804
38978360826
399655730599
79188833565
37061032370
79826480434
491722645058
79787598079
998977477203
79059239414
79177825002
79192774169
491631749039
79626359239
302297026199
491631984337
37068941487
13472335176
79513199568
79920094366
79313508900
4915788542755
77017746556
79128009019
37377779857
79244696547
375291592326
79108196288
79189238719
79138361447
79227885723
77771041725
79658897240
37127739191
79530935855
79196498853
79501912057
79196546069
79268147011
375295754508
79500443060
79504572778
79653291687
79277773818
79153122842
4917631395417
37368363702
79081026491
33619800803
375295440465
38936477542
79534268183
996700609074
77707206547
375259127347
70257671572
15402821404
37376730773
37353349566
37068362466
79536706306
79032381832
79128262843
4917650773777
375336894947
37122100600
79375929138
77771728161
383809654205
710185407198
491575404429
77752920289
370862226575
37377567733
12064028385
447925332293
375295863090
37326825988
375444695802
79539614905
79520184605
79509145215
375292874326
37120126016
4917629811589
79165404313
77026093895
490176348063
34666878444
383806800112
79080442863
79373172475
387987109038
996559200969
97699903115
375292878472
79890828176
79658827987
79162902530
79004860777
38992784192
972506997445
37258441508
79021651957
79787423844
79826388783
79606809451
79027957938
37065056736
34601432879
38980824805
37063809129
491703584655
359896380607
420429077319
37360545977
359896038023
491578049746
38509778287
37367594945
79124447576
375447230753
375447462726
38974285228
37379007699
37378522486
79781070908
37360317127
79533877653
38967864357
77021923047
79603440570
79268562493
996709459891
79536904061
79163933442
38663282179
4915750723025
79091362391
79787481970
77015804000
383809638757
375447900356
77016097517
79525060321
79604554130
79062718321
37378950346
14049174745
37067854887
383809925299
79646831572
79115888689
38982402742
37258388207
375293898939
375257574010
779788296802
37067027232
79856869838
38669381911
38984716073
38675820544
97254486696
79024535305
79096956460
37255679283
499261964673
12538860244
79244691145
79222689901
37368277542
37369344379
79777732199
37122142147
37379189492
79002025924
393400679317
79508310747
373778343092
375292661288
79501149881
19164206257
79284075306
4915201959590
70954230545
79221484080
79157579227
38503582210
77710925195
79167930597
77078265226
972504844633
18643843263
77022802087
79243975100
79615424285
375291031493
79132310109
998909095156
375292354720
38935409046
79093082031
37129936311
996703959551
79058719123
380673237132
38931952319
79532821138
38731030204
491765630660
77766652965
79054016849
996702048330
79506575864
390950364277
79787590863
79148445283
79911104907
79082294712
375298014530
375293877626
79501654309
995555156164
37126091170
38972645592
79033417041
375292270772
79533675292
79032382281
4917621774827
37129528529
79005230717
79528776051
79213881929
375333593334
37060475429
79243665753
15094966612
79040414346
79221294247
79655059098
77478595707
79283531809
375445879534
48226329507
779826293989
77778661089
89637770483
79165137803
37129642112
79251820653
491747250030
77015261033
777474344138
79302781458
37064843768
499401605784
998998501065
77016714227
79251923039
38634856362
79153007127
79532889325
38995307609
79043877262
79520555210
447426822116
79682877552
79224661430
4917634948208
79152428289
79056426791
79508119137
79788353478
789532849221
38665044431
37255605260
37067426943
4917643286653
77083547339
491766348696
37128399660
34603778076
393272295585
14026136909
373068418612
375259378890
492131742575
79883641209
70234236313
79514442359
495202701705
375256621552
4915781783220
37258027327
444474651995
79653249685
34617753934
79048234345
779214651306
79228267920
37378430003
79270665809
38986787533
99603878878
79503827005
37120230760
79003589203
383712801320
77753598050
79373284623
4915734402441
497630159941
79833575626
79200715213
77019956016
79516309533
37258377890
79655629060
375447225493
38680549318
37064756383
79290238377
375447289237
79780906091
79003286595
79277788489
79275827507
393297464352
38982466865
79526311669
37256953353
375295600417
79771196729
37368476777
3434698321104
39367357275
79888321737
79004617920
79296086512
996555342855
37379818444
38939530106
37322283249
77082081408
79119901621
4917622733791
37255529213
79091055261
375333332621
79180879808
12533802008
779876121289
358405254264
77029822577
38979856381
79852928427
375296422203
97699137501
38973229307
37255598944
79583985205
77768999989
77071624362
37254628594
777052110239
373266260421
77001414646
37129562741
70257910598
79094349316
998903523435
779522048613
79091418751
79521165794
375295899295
79534646553
79885381037
971567240773
77057027832
79991695201
79797509589
79608724299
37369775725
77074690970
37378346208
39351694509
49790244269
79883110461
79186411725
79178916234
37256383603
77078272381
79154931149
79196933521
37529888718
4917642100897
79780157403
79502687761
79235403831
79171830225
375259520528
996550124475
79308586788
393332224518
370867509965
77021691449
79051407281
795302732748
79243508989
38508400675
79220139356
79066444959
79097150787
77473400979
996705192557
79175682283
79034157171
77026849461
447550613499
79788725738
359892057733
79113221579
375299768597
4917672784912
79633162957
393938090981
79653759335
79156200460
38980127201
37323028621
375447112103
994704797620
79527933241
79153617452
30679515785
4915229510799
375336326215
79836201910
995591904733
77712557755
79852152263
79252610884
779586670357
79151387844
375333887091
79124557125
89166446041
194132328353
37125919689
383752956693
77024694666
375291547326
79654302768
79289150089
491515249020
4915755648077
79091048781
79283466435
79513300903
79106667035
789615149338
79992259854
995574027961
79146356794
37125139939
972547307768
79605273472
373688338477
79117691814
375296609119
79169172828
79120118725
79066032176
491726793091
996703887734
79180008293
79883477850
97699073115
79533376920
37360864395
420608163617
79142313945
77775761791
386970632833
79516236508
79806360781
97688147686
375298851860
37379806705
79151923545
79226058409
79286532871
491764750733
37127192868
375333154788
375336676381
39329407356
79381222397
77718703965
79602976818
79049557857
79130953326
19164107573
491768049301
77024638593
38936137776
79200117488
79122857867
375336376111
79206407363
491512018132
420776357748
79047500667
777014058365
78474591467
79787633812
38685933444
996703292920
79637606348
79145483100
79876234631
491769496623
79676307360
996550033222
77015757444
79202813218
79223019341
491748284020
38955493364
37368433522
79274158991
79819824449
79620698831
38637591097
491764052561
373373680258
37376002488
77471758354
79533343819
79180412607
491759429009
79001075062
79034175166
37122343334
491727562366
37369719435
383809927755
79100978872
353871184429
79105976560
38933221360
37120078773
37377846193
491766184513
38676029383
393201187820
79297720907
79533958922
79854642667
79619554232
447454663222
79510735209
79282559951
79089025833
38731518146
79655711164
375293931871
375298506412
79503253754
79217270946
79251558081
491515990009
79536854699
79058441153
491632125261
375447214136
79885583414
491715176113
77474393967
38631303177
37379336018
79288149936
77478441467
375298643952
393284424304
38996385554
38964777001
995555235670
79526158190
79174182349
393280611656
495777264848
37122174291
79102318743
995579701811
79502641689
375445626681
998909003272
49662176896
791615708882
37367144591
4915753612144
37377560043
79011505535
18284899642
37256746974
4917647115781
79280414815
79787867967
37127018268
12674746059
79142085150
37379303530
79878485217
48732773343
79223011627
79516581625
79652165100
491763682792
375257897648
491525375822
972585852123
79111640059
374374946319
38680697550
491792762010
38974670134
38983318273
79181950678
491767643933
79045058914
79506754534
79299988845
37377708216
79897660791
383806341723
375291493870
79583967508
375298283025
37067666799
79089052235
79780384975
79105410802
79048309209
998903904597
79026429044
373078057879
212673314791
79182918840
38996173074
37065774717
79827456649
37129907701
79208126631
79139967803
79262843331
491639653310
822108591445
79374778369
79636165498
496443811715
79533071177
37258073550
79089147859
79852773418
79324092211
375444927167
447405323722
79529714053
77778359067
79258051032
491525318511
79780064438
37127468878
79207160642
79789564194
13862639083
79046398658
37256758915
371637019540
79530054014
79826053223
79180230281
393240528387
37256772609
37126338797
116783711858
77074851188
79024472335
79157954883
375296647441
79605400732
375257968036
17056573595
490243197430
375336621364
19163316120
79528577907
79025338031
79261115830
37379979297
79112184100
79780064595
37128208035
796772684574
16315729017
380999334015
38973399650
375298168500
38677264601
37378483484
77021447271
79500644146
79161392153
79255833653
79199295521
4917662830423
79225988175
77772515802
375447133290
77073135155
375336632206
38676365032
779286532872
77017374273
79217170362
972548848567
79788116198
79617661890
79136361440
79212865261
37128479517
79264304540
37064697395
37368357810
79126784037
79167875896
79638888927
79142585610
79788750140
79030326180
37379568906
38632749888
389183100050
49431526877
996996700893
79095519851
4915905849692
79780048739
495770630269
387908165195
777773498269
13603332647
38973573899
77076167025
38954815894
38445351654
79658500949
37379232233
49224286612
37367618229
393279803904
77014175128
37379688059
79616879517
77773381555
79620010142
79185704241
79656455568
79054112606
79516089219
79536901537
79199661719
37256487089
79200265258
79105449862
383725675891
996557861505
142920490867
77023473964
79772614140
779228438308
79090602241
79200047316
79107957929
30669374115
77752706527
79826342267
779132634934
79080806411
388678676876
38992713156
79000413004
37376006755
491798840089
79089787397
79177111633
38682234397
37127787999
79453756465
38968054731
79505585942
79787701787
393205381581
79062881779
99312634348
79536795807
79022529397
37061313403
79092520085
79226035570
144074620848
779887115847
393891799544
79302718944
77474729180
375299370603
17624489524
79300345580
79620288819
79046475063
38666507113
79646448556
79536769350
79216853230
497821993395
371226997541
37379189498
972537253263
77774022418
37379226028
79643739783
79082348351
79054451035
79250778823
79372477736
37126884480
79159940528
79531921625
79834628861
497852999895
79522292727
37377779034
79134585526
79787619334
79287709425
37378411425
79222389386
79226449857
79122970017
79536263622
79126496845
79140584533
12485208576
89151541121
393246204525
375445727316
447449310966
375298732186
4915232719014
38934145536
79536812381
375298014767
77074448857
491520253617
37125949004
79024549903
17643286653
38931813577
38734963149
37258014755
37067748063
4917662830429
375255436222
375296712990
79125059613
79524007552
79501692901
375336635426
79233827773
37369550928
37068350827
491763545715
77283440636
79518917455
37377870801
4915234579072
495233682836
79873378586
79281407680
77758096222
79241685871
79372593870
37226547274
447481422221
37494750534
499376998943
79631402570
38955247469
79298032357
77057715747
387157504882
393883733312
38632553871
79216886021
393277314295
375297244241
779780439169
996772179251
998901786628
77773498269
79246259076
37368294258
77475140283
79132702274
79142356331
79163244163
38805858743
4917662341609
97691020200
79233112377
38965164043
79897414215
77775405354
79188341122
447471182126
38672092228
79625192220
99352273020
79532938125
79660562954
375447792688
393899213948
79780965083
79033273310
38506427097
79229334978
79060137019
38279907345
79872438979
420776495282
992988419938
491578381312
37123202858
77054999444
491766089203
375299505280
491523414342
779243535056
79191457821
38962716686
998909096250
79514429873
38632532134
972525838531
79211749500
789080900750
97686661660
375291718897
77710067254
77477294537
48731174889
491575414310
375291315174
972972584967
77777636079
79042713928
79836205356
79787008408
77759555432
37060180866
4917623465056
79625276674
972502191937
97695791710
77772210800
359898915668
79537877547
38730116983
79167384387
79788856534
77783469251
79178567395
79295782623
79787964515
79871006295
79247503302
38994658599
37491403888
491738212720
37127554333
77076264954
37377585395
38687638171
375293911034
79647191596
38685462868
994504998623
375291525925
77024798222
37255547437
79005577410
37361164532
79826509315
79144730640
79650328344
79858845649
77014346657
491577474772
375298693356
79896804373
79192242029
79780624583
351961850846
447454292636
79052197574
37067454428
49273560356
491768462688
375291601157
972054457707
79532754348
79788965318
79534633882
998972280288
79688040820
4915252094749
79241761149
371220838887
779532915789
393512408760
972523879243
496292927945
77766803000
375292276304
37499829089
79033505809
79235306159
79835343887
79214417191
4917624267199
70257471439
97689451333
12066762267
79108704564
998946378561
788772523426
393805858743
38930652334
77762044535
77076784960
37129719300
306986882318
779004878492
79629992435
49228684990
37120078069
972549558428
79090182393
38961706706
79787606698
37064878924
79867649617
79621776603
37128831129
998909268712
79602558206
38671463061
79042764491
79211082740
37378427897
79625382925
79212597708
375255230196
79112489441
79044554031
79372122056
38955662844
79175686461
79649991924
79374167624
38442943631
996555702417
358442857149
38973771137
375447533156
79005261727
77051044556
79182032772
79834309816
972547761322
79279038802
37369423694
79095572452
38984710256
79859170779
79261624931
37129229659
17632279972
37126421129
79122800262
79513510210
79818201730
79082630521
79022757165
375292574557
79661277357
79536813304
79531307235
4917624216049
996703984100
37493260869
79020443600
380978551510
79536968052
79815515193
77775929805
79089207278
375259274479
79222523798
37128600009
37367608870
38678657998
38731647787
37126836753
38969790894
79123367744
998939095156
79535231140
77716915540
79513165056
79279824126
779166387525
491578579720
79818782795
79028465739
79022696550
491623163326
79028746440
38950925498
491757559475
777476511508
79787815950
79253557313
79294713216
779234660023
38687626341
79615267572
79165798284
79031198539
79130133121
79199171108
77017719879
79279355517
77022398549
375333360757
79202539315
79524523770
79503127001
38734201565
79535235870
79632477201
375256098933
37377542476
77055552446
37128923409
370867776751
493841304561
201067153045
77474596706
372567135533
996550339797
38953552314
491523728195
375447611137
79536731159
79091427309
48513076177
79681180525
79513531707
37253005747
79513269549
375447234051
37360628778
79616487488
13472549925
79990744846
79877206047
77055751290
79308964086
79173190997
37124835905
77473037960
79097210629
19175134020
37061031004
375259143665
38932499425
79898281658
77759969418
79127672662
38509946561
79144833302
17631083893
79005209157
375299769343
393278457208
79236207952
79532994363
79610825697
79304047740
79634318488
79174618397
79656938771
972507524006
779005059081
79188371557
79539456368
4917622111159
37129502443
18646217499
79046458488
37067219729
79506112357
79659327472
996558827644
79963289263
79881415499
79529621707
79122927329
14022175515
38981758605
79234681018
79829450392
79600005482
79539568699
79651448156
49592371028
37067099433
79258350248
77755663625
375293073972
375256245533
79655390111
79190857685
79144107057
4915731429796
77088541549
37064811338
79825131290
996555743435
492203503039
79263127223
79165721936
375333883438
37253237296
79288491750
70257187050
393286590996
37494397072
37069909102
38508732997
79058952822
13609102188
79672009934
4915773722724
79533915388
79533295190
4915773573572
79067961007
79208690496
77714571201
497425229525
371658588898
79689480581
79184505478
79658784331
79516774499
37127857700
79219966700
972542590927
79170974683
34627814511
79295776064
79119523997
4901771862354
37067828637
79140571753
37069966388
79003576609
393892629854
37229555919
37369929408
79645671057
77073411184
37379155596
79787939252
37063968123
19802389776
3837256704512
79212569987
996559167230
79531105230
38671477778
77012135641
13862374410
491738316256
38977662637
79085975022
79780172216
375298339770
79045487975
375299801502
37256394207
375295649315
38892367927
79286871413
79198314982
375447995406
79780157402
777028812643
37369202300
79326182224
79142154919
37258304606
37377757593
19165026049
77078029791
37060431450
79635545101
972523728146
779324293102
79265216762
79200456363
37493979144
79787138837
77074236547
79202884828
77772496495
79273312825
491575825428
79655227796
375298553936
79215722606
79252828465
79508949760
352621293774
79658790377
37258036545
375256391278
79649005964
37369503060
37360211998
77471881822
371371270079
37360648601
79226619855
491762419115
38955307127
38959338438
79788790188
79638850509
79281120868
79189000531
79243579434
79504656260
79002022657
79856971409
306936446763
37122083887
79787436662
73494238618
383806398272
38679378899
33619914088
16129865610
79642103190
777058148450
491577731939
79532962126
491767074523
77019105566
48539417438
78987271700
38962254662
79245436993
79273659816
79788738025
49525053534
79215212449
447741349511
359888131020
79085987292
79821497199
77714084238
79600296265
79184369485
79045423168
79613377314
79284075349
79208265325
79782283534
17172700940
79613730308
79244504459
79889882460
491765690939
390731610130
4917622386387
996996703319
359888142423
819063013415
491769138872
37129943454
4917641915525
79094293982
37063041762
375298656515
38661569281
79021504723
447881209621
998909705078
79513508920
79647270853
996772215898
70336158801
79629513966
777051034107
496619426734
38930695633
389533887761
77056282382
18089791777
79371640458
79534090838
79181725806
79530869196
79149149307
79780172091
37062052462
375296291598
79126976802
79208690495
77787101206
79127336282
491773223584
4922515069850
38671111400
972526800105
77022094140
79180807165
79780275298
375293781482
79117999353
79042455384
77051371234
77758446984
37060804146
79164032358
358400373072
996778992333
359899119179
393204480418
38683724935
79652533557
787753832148
79533302810
77081863812
4915756784302
77023639543
359359898605
97656628899
380996127396
493601798782
79111556975
79788255879
37062089072
499940152980
302410617353
79633614646
79671787853
37060880134
789634565905
779199510525
447868439262
79049822035
79244596171
77771824277
79227787851
77771454830
375298702201
37361098817
79202512178
491732365170
79097868458
37251942446
38636111856
996552165775
37258583944
491762043124
491764297226
77714474436
375291181685
37259126070
79651959166
38965168048
79534421088
37360877109
375447788811
37360461444
79002160537
370967776515
779787964518
38660014918
77776362382
37377972379
77014201017
79823857971
79214599416
38971522845
4917699881568
79091605716
37060626307
79103056062
77475567406
779022726519
37122008565
375257618121
38930157159
34667071098
38951308905
375256512748
37120333249
998797430224
77473406506
383806770578
38689438402
77053702398
14252389443
79634303515
375257872690
79174219104
79111224120
996700729005
79105473573
79036473657
491766421234
79181854907
79127577007
77003097645
79035004182
495771858001
77076829958
79508276806
79095802373
37255659848
375299618904
79246240386
79117978008
79622226690
48666829882
18283350388
779085320312
79123999485
77764535333
37128316576
491784309059
375333929393
79519273126
79522466315
79143094331
79174884589
79252334922
79158903418
38950904655
79961828569
491575163370
375257163208
38677109484
375257248225
79169468275
998909085033
38994832490
77054885236
37256215667
77753707251
79216084055
79196197350
996703459691
375445138738
375297677034
495738897021
77015555187
380939363191
79197223210
37377950438
79688401937
371371295643
79127072629
393802698557
79828136595
375293257260
996700403127
4915234350189
14042164175
37129174453
491714281330
79678058728
789132853900
38979969486
77074201335
37378531973
79045497439
79536939391
359894295027
77713131092
37126916559
384966169477
38637329858
37125221366
124899022030
37477585025
771227018244
37068532988
498315307911
79787973272
37379723800
491729109819
79629745521
79209820341
77012333108
37125085419
79888368142
37067767152
14133783447
79523812630
38959219858
77774598835
79212610534
37256852225
37256783479
38666342645
33783486170
79781051298
79505467269
37068521369
79886142036
77075861131
37378510147
375292365559
79533271067
491768000452
77774854140
994502855016
79003630431
393284015487
79020443601
87786631815
4915111509696
37377960711
37355245167
38956338352
37368737085
38639673451
79166382434
491520846439
38502354152
37128806447
79290270108
77473983841
491577359394
38503488690
37588336262
375297837835
79617817667
375259136515
79539407209
70174319045
4917657847310
37477170907
996700332090
497635643887
37256704512
79381075668
79821355107
38689540415
79107255126
79513232124
79183793308
313806871531
79164380098
4906934058333
79052400135
79042477093
79781007013
4915902353974
48739640131
79509287344
375298918797
38970714707
996555712710
79202694513
996708323834
79106042690
37062217796
375447761055
48602379103
777056282382
389989353267
79787670736
77073181220
79289045085
38971090520
4915754154949
79308114222
38676635179
79518100226
4915759605429
79126061414
79301059945
38954765828
38666203243
77475677580
37065605600
79622940855
79251541786
38673073338
79185136362
789528769505
37493347374
79871142670
37126755705
79539458871
375296874543
79136284953
79298504954
3879653710213
79103164331
48603913770
789243532675
491743940482
4917656754877
79788770342
79835279217
38976375376
79874957691
38667460742
37129325751
496292831935
38994301231
77074150175
79099302335
79995272468
37253542127
37494844883
497693179836
79139792330
359898325857
77774130503
992928700335
79260533391
996554803383
79088173783
491764335951
79193904291
79146768257
77474764516
38964454928
373608892936
79503661111
89128915950
37369244528
37126827577
79788366936
77143334796
79207001021
79508381273
436604744133
79648614597
37493752778
38661781244
79995612698
79533290449
37379230554
79119309545
37120589730
37369450682
998913684290
79643107503
37379079779
389181661075
37064535270
491523401119
38677749593
79207250472
79655941685
79182405095
79097761006
79174183311
4915770766941
37379533495
79088756864
79635757494
38682381722
37126997541
79788826940
77474568385
37254570894
383806808470
37128454289
79264954249
389141788089
77781640990
79870578654
37060237537
79174322125
495730185150
79185082521
79224669844
4915145361850
37128878552
996707051959
389506405252
79219440980
383752955936
79223628511
79539455586
79281906364
370067017955
494963439380
79273258107
375298557650
16145863347
38671070104
79780281079
79143065104
375297263942
79535423734
79295194984
79615696910
79003639195
79833576323
77472868101
99365634348
79041652007
79103263333
37494394996
491795427399
19168566496
79184328555
375445108266
77477397531
77025317501
491797755784
79788728214
79961849096
79152754210
491523420245
79263374562
97690000017
79829450327
373632553871
79101568725
79183984125
37067495244
383754446215
79043852161
30972189737
79097212598
375293821637
77074035328
79295967024
37065606055
492735504355
491725772037
995551698116
79127055848
79788209011
972538206061
77016175893
79803155540
37369726532
77775951065
37378891879
38661183665
387903628401
789229376112
79625839228
498419008202
38973640138
37127016508
77056502467
779899518889
79788466251
70295328007
375295562394
38965776567
491763108214
972533406263
375299817307
306976957809
38961475041
79788292030
79044333716
79021682288
19044956075
79184043743
38971378838
37061555227
77768879955
994554251403
79129031452
79186076502
393282711435
79328503042
79068713669
79086339637
79787055086
375336998336
19165177481
495252838092
79127114400
37255647648
4901606479510
972507258412
375293494687
491575950323
79283641138
77014019473
77479861376
79086493949
79508203900
77785820660
79260552151
77056689347
79214757496
38111111111
79165778192
15036809940
79788974692
383805074936
79186171336
375259411465
79254634504
79638121234
37068783245
375293952720
79014790445
79148823709
79118540982
37360883673
79043939644
79283008298
79199121978
37067784036
972585604560
63439489927
375296949405
79525230194
79536788528
79645076593
33751157779
79512413575
79092104870
79215207336
79611083696
77073142441
79177906517
996703069406
375259304516
37377895438
38984674157
79503913418
497696154751
70445140352
77022201103
375295182961
79384018531
79120696599
79502062841
79229550503
79128434216
79080900750
375257151848
37368313202
77019515895
77771177312
79284168185
79129176277
79262645296
79874854921
79104365601
38500779582
79108628156
37369719755
79118106946
779081108833
375257932336
496281554208
79510193513
79262719960
996550308565
79788871050
4915752473518
79376222400
79698026963
38671720053
792172643333
37258084126
77472251167
779175383020
38675959474
79198529047
4915208464395
79178619100
79260162565
77018131655
77073574323
995349187644
77779234441
70110883757
79062774713
491765926451
79227956916
79213313204
70299962105
375333562791
996552260564
79506526011
37060878464
37325235201
37368341734
37125732850
77082919330
38269654962
77015763515
77009949587
79028755528
495751301727
495140013690
79081519948
79054444008
4915201709602
38935312638
460723825880
375257037850
37360246041
79508418944
787779443814
491578313198
79091436373
4915737897021
13604218920
37256464325
79777187445
79005778548
79375406994
375299334124
79191723999
79539485651
79048636003
79221798442
972559989670
38953361699
77076840448
79067737527
79182210446
79377439426
79788092901
79141001313
4915787819953
142523321588
12153031247
79877760607
79143827919
79670404344
79501827273
375293059136
389610574771
375296424523
777770615279
79872475906
38967432640
375298652026
375444949563
79829450367
787776597432
70299991867
3897699102211
79021950109
79811817167
79105449850
37493229737
375299361115
79045474586
79288285110
37379576372
79653708108
77714047574
79280366741
998998935658
79623126081
77775645058
79502739873
77075258888
79531724382
16173198651
79536780471
79153367171
79632946323
375291947139
79207116543
79081793152
383809659132
37120059046
79283035856
77753430952
777014963494
17022370841
38444321842
79226560520
38445011410
491520515927
37377932088
79514118535
38507508903
39377853710
99365661404
777076167025
383809525477
779610462735
37367144998
37125964492
38939126331
99363057135
77784523849
79788901447
491628211191
79787790210
79258440759
393473825061
375299376053
79220950614
37369267248
491766300848
37256642959
79202556240
77015413638
79199481894
38093361937
79227692056
79182927731
79831539865
37256057063
79536920049
12158276155
79195174406
491768031961
375447671474
79675738224
79267810701
79114276505
79200334743
38950992367
375447540919
38930437166
79122806343
79154665425
375445346075
491604448385
393275695065
375333405683
306908614583
79835376294
79638857836
77786791003
491522867806
79642402570
79275603845
972533060156
79163384073
353892112164
79383065962
79052555393
790700205006
79537562658
375293586667
996701603860
79085961706
79006267559
79189067976
972508279667
38635626913
375447456201
17732259325
375293160821
38992060342
77153723285
77073141626
4917624449241
79533676267
79532834254
79534201440
996700275669
37322559278
31619638475
79188387718
77478616442
375259442506
992929524422
779529661134
491762333109
375447646597
779787423844
37127077709
77756200400
79124281366
79200841893
79107359677
387778063362
972526141777
79066441293
38968114150
375296110840
79063048081
79534284151
17192503798
79054045359
996550533939
37378131846
79501763683
375296593448
491522270403
375292737362
996779993699
490226148161
491522985675
79119256028
491590530062
79027605525
491515601152
37361042893
79539490105
79081413752
37125985419
420606520630
79041781618
4915752463123
171784201286
79536882078
38985884612
499401529802
491573355409
37128721551
358443002985
79602063681
37256773788
77718776545
79142480496
777018864777
375292637010
37068410192
447908093202
77025683609
375292416583
393285505426
79873872343
37065057963
375298739821
77013780216
79640808052
375296434008
37361182317
79638852124
495753374950
37255505024
79113116355
38959072910
79626977854
79536907812
77471848423
97680733663
37377992369
79085320312
491764587095
375444676583
79270787747
37369415816
79834331582
79174187275
79632390234
375292832089
4915229284434
375444996553
79113026247
375295691070
37256737513
37125759307
37061130226
79023821238
796112533314
491762857797
79127894720
373078483484
79216888221
79649170240
79381000709
79199346073
996708705474
79209323175
4915152538173
79782023066
79110079507
79086387247
97689859543
79858275440
79501178300
79268101696
77052211278
79229437371
79841029746
79536968826
79533137056
79527699463
375291849431
37867032886
38932276651
491575678430
491578588174
389684807156
38636438044
79081262921
79646211423
19162541433
79500594634
79207228233
79644294689
79780223340
389211498188
79136709799
77011116923
359885825782
37379016616
79788660280
79834342981
37379670323
995595333752
79251295060
38953882225
491629627064
37378002417
37123206316
79126711006
998909450321
79222614899
393533139264
37362006074
79620499226
79017445838
19166284646
375299376603
79508983438
79788438014
79778046422
79233429400
79605192919
77028764857
13105917778
79129231106
37129562599
38731021238
79998599568
79091390396
330953685229
79054744480
37255508959
4997215099698
49724386448
375297582983
37067150382
79533341510
79030723621
79085959329
79513142628
79195247777
79374717244
79512457933
77082672703
30986136185
79163316546
77074799543
79211665436
38979528077
79897521270
38508361869
447909227844
77088657133
77012891705
79530419694
779192695755
80154569547
79269313625
37064540725
996557190351
375299185281
779897660791
375297259495
375447742962
38668520630
79872535133
79788296798
37525504152
79630512028
79212558499
79141012755
79171830224
998903504838
79508495137
79098199456
77079405417
375333091038
420777213337
37122140665
77474165596
79771474061
38934850470
4915228993752
77272918583
38678869002
375257698949
9766684559859
77478039987
996777855850
79183131073
79147703709
79048109090
79787659766
79174191213
375172328483
37258407164
79212578316
4917645710913
79524925125
79535473177
79014790921
79279557677
447719749951
79089157859
77789279831
77076714972
375299428627
18644971140
79505992947
447747025269
79583934060
37068476700
79225423027
77775903742
375255251673
491735418908
37256787549
79534780533
13064710342
375298347306
388918309166
77071914855
779110733949
375172631023
79229051956
375257147760
38674509732
375447879539
77077342233
375299941524
79771014510
37124402217
38954504759
79516924870
77074785425
79175666610
79283445790
79066968028
393204110719
79510719907
79273634871
79103181077
79687447786
77074049984
79859904085
37129509984
79237071950
79829878926
79535794326
79017861168
77474596709
37127821728
37126650094
4917620431245
4915750892651
38673512322
77771527749
79852626342
79535381851
37377730504
37529981730
38501362118
373886389714
79615282537
37067095506
996704414454
79780949548
79518267855
38372543018
79127029867
97699872216
79516205442
77772389313
79501755997
79506551773
447527741765
12532128966
79222076921
14254664625
387961682750
79120531633
38671714722
17707120374
386746375767
37061535684
79091345825
358456639401
972542696559
77076353379
37378861828
491762212556
79298434731
375255150203
79151519266
375259396386
375255258140
37369541191
15730044427
79373453876
37494943858
38957260680
37379754968
79120069854
79198122296
79102342108
79787806618
37255513369
77143077824
79628523163
4952069164270
34602418912
38975998177
79208556069
79604998245
375298758625
79289125265
79627943609
79637807110
79635541748
998909193945
79605171719
359886774670
79827195605
16467374424
375295217720
388796897987
77052050906
77775439850
375299119010
4915735521542
79644910715
996770398693
79251540372
77754004006
79265554098
358405393247
38660508847
79646728399
79536789101
79214681714
79115461176
79527151585
37064888435
79024073614
375375159725
79616239612
79166861790
18507768580
37378752318
79081041220
37369269022
79654177613
4917688541496
37253807086
79183054711
79191305300
38964576862
79610705831
37069916778
79635432774
37529944997
79030913057
79780786858
359885030986
79128563409
79525634657
375299138174
77756400561
17203353524
77475859013
375336894389
77077555079
79610588316
995568639368
79051904135
70299845488
389523038855
79880638374
358445041090
19173616872
79099135523
996700151643
79102657452
97688456049
393299842453
79826388917
389195201316
79117363285
38992983365
79605255056
393295991052
998941382043
38935294548
383428099647
972026527391
79183491895
77761972002
79022824139
77471074237
79295967022
38678876905
79536780470
79885551030
79197999817
19172389992
37126782451
79963210782
38973567064
79633585397
492353946997
79671230018
491762174975
9717033625040
79298065660
97332225465
375333507771
97286480121
4971767439022
79378473786
79645705828
491785178294
79513508940
370860518556
38934990030
998946679170
97699751207
48511791621
77051704476
37127275879
37378668547
79243508549
79102330204
79288583045
79526354301
79102310488
79192951169
79005221225
79378540711
77075437075
421908487104
375333556227
491762483667
375296158951
37127586064
49821553042
79211832102
358409628613
375299815726
79119338004
77073242435
70295041882
79633060180
79091343067
38968651221
77003275023
996055155160
383806885121
79286586300
79777385496
77775466310
79124350430
375444774778
358409625182
972544259076
37129540964
491786993772
998909243327
37441289617
79235759582
79276362443
38679085724
491764447031
18645565382
79512467490
491627508800
79101246541
79065080131
491715366272
4917643812170
905078253400
37369231466
34688301627
79680423220
370361852031
79780092693
37255695232
998909259437
79841016779
79635529144
4917660969341
497672996443
79181518461
4917634683832
79255365390
79780115281
79081270495
972026427507
996708516375
79961730013
375255245723
491767260498
996705442526
79004578355
37360845404
37378482508
4915234011191
375296905944
37498072371
996554406696
79028741314
79106700590
77770895658
375447771462
359876319392
375292209799
38976238584
77761302587
79081107135
79042461310
38967177966
37369825229
358469612822
37061680760
38973361689
79825015304
375259649668
37255596002
77058423039
79174693487
38971207010
79630682950
37225440338
393738360186
15095313992
38680172539
79222277715
352691515389
358445040283
37369555244
79678572391
992935161964
375164777212
375802914044
79878913681
4915750286436
79205645754
79151217003
79153051417
79513483225
77172297727
79003661207
79267943952
495738463818
77771321404
79246171596
79255464675
447399374980
79787847470
38679923883
491779571549
79234791080
375292498811
77018273647
38632755804
77023639544
79199351520
79145079794
77012761142
77715666066
389787086269
447958307786
37127422791
79134394057
79634328675
16138037731
79002881312
4966195250791
37255537182
79178458720
779781231981
497191933803
375296742455
79082546559
375297953098
491604488880
779189388512
37124916163
79997251234
79005255885
79227970498
38299450416
375256113741
38637697305
38632923826
37064264344
37128828141
79409619412
972506902437
79876411022
492581949064
436607122814
79658324062
79262245509
79842734815
38970679679
79504022233
79532652209
79097197190
37128013207
79039490387
491578854275
79651600756
79192687539
38633963860
79680636005
789508472636
79206115556
38932217665
491762464385
79292922867
996705622386
79220271211
4917648240500
79511966241
79685971100
79191275051
201007944614
79035243033
79243085950
77472434160
79127202201
79221866751
79324285228
79530466477
994556322133
497662830429
37064628824
375445059803
79063717676
370869330524
38979213747
998909424414
351914905906
387921733701
79063596844
77712660401
38679856545
77015191980
998712956054
375295850644
996555403667
79265255015
436605980095
79583957697
375295757692
37258507789
79102674235
79208007574
37369646211
37258261561
393884313293
79125579923
37129438412
38678401374
77776790633
79536027845
4962989270991
37062201560
79687375785
37377546886
79213531493
78435556923
79787981846
447846718712
353852404083
37060303876
79533232415
37529888717
375298981264
79679106858
79871391679
79057218381
37323561670
79053818340
79612047608
79822451173
77071577248
79281687579
97686116646
79196092018
389525012146
38950913328
79531863632
373067634389
79781279118
79025335181
79897484393
37127036540
79882869156
77017278852
777778171795
79123710657
79186102337
77052530134
37124558980
74966169477
37251942447
37368282093
77052519660
996554558125
77073231633
38950961506
777588667648
79283317194
79167335367
79177168936
375375299718
996709115959
491773856716
79898117251
14138964426
37367127722
37256488945
79085727977
79513500720
4917624489524
79106084367
79535340694
777078314946
79883140780
37322772370
375259498618
79040613854
38673633565
375256394354
37068745412
491515103036
77085916914
375292587168
79516040304
491575952293
821048337502
79805403375
37128873110
79616738740
79514656024
491575337495
89177246215
491729671662
79089186100
77071250776
99677179251
79501571491
37255592464
79154154307
77085192958
70257920199
79609959510
79284418080
38676493838
779054814761
79005765231
77059509150
79114575849
79788600915
77714668327
79108201195
491575144994
79616920870
79534256381
996701500231
383809647001
97680000578
375292054278
359888574378
79519270797
306957391156
79829830331
79672086373
4915228647656
77014420733
37126300355
38660943598
15037506079
79122072186
79539687807
497624031725
37120065443
491769908205
79243965267
79120255227
79212607173
37321032032
79061035084
491768005695
375445702737
79624004687
79026431884
79660147106
79022651097
37129648572
37367327230
37361127331
375292179033
77778299781
89051030745
79653154920
37379777028
358468121937
996557228888
38634897571
79089121438
972507188730
79821846680
79043673329
4915223454318
35796518066
79506425123
13477928156
13609011260
73436843000
490350178482
491789699143
34642150727
79247568219
41762950526
16464217868
1684625867945
375257643283
351917962381
79181661075
491742112843
77052264139
37360440657
38965569370
79536854005
496233349557
79166519596
79184005031
79803411696
79513506468
79063798341
37498950342
79521153690
375447311183
383806628781
79186448966
998946109734
79113002013
79176209236
491765182382
375292317596
79532985125
998903587885
490176239971
795321324583
972507147721
370861773133
79208716595
79116724430
79122624668
491520204925
48782355795
79873159409
996700152794
998946867286
77775151359
79043985841
70299587686
996701223208
37379819239
375296039781
375291950520
375447777383
491763013225
79136440975
38937908172
70259116944
77078052702
38962661908
38661657194
79175411705
375299660513
38939143378
79874204454
79788963907
79263344007
79539523296
351962347581
996550358488
79117691812
79120075592
37326260421
779163847170
79780725095
79114006643
79129921339
37126823721
79208222142
38986508901
38066688059
79828262550
387628243432
79787955932
353894335222
4915736629245
383809912140
79254842329
79242594705
496421992802
37067083967
998935331836
4915140013690
359894710302
79224292819
49177182354
79186784264
4915121079201
77782206131
79042717263
779082348429
493034650897
79161530224
79091368989
79024321963
375291579553
79122809903
79821857617
37360487893
998946186040
79534753905
79826389132
38679087088
79096163909
9720539290846
375297935443
79635538482
79206607692
79171606844
38545908339
4917680601934
38509333728
79021888227
799602696398
996077080222
37122023420
79132670430
77051232183
79834528748
79500254199
79267809223
79787539423
375444629807
375292500725
375444651303
79127027162
79005414921
79092436179
498731864802
79127202982
491522950756
77308248464
79120073259
996558107998
37126328398
37064875118
79066945232
79227822561
37067289458
79098764731
37065831159
77473888791
79602942592
387912360013
79899592979
491765526582
996550222501
37129799034
79141645705
79292224006
37368749478
37122457429
79650141030
79181162517
79625261807
37377828501
38936018543
79256689837
77057731495
37369536364
79089054282
393396735077
79065947067
77213142350
49057010962
491636004801
79189495030
375295636570
79506936775
995555122534
37129771200
38668207880
38673029875
37128303322
77001319745
393279907345
79150862456
77757745970
972544251429
38994901955
79264988851
37060991421
491520270170
375291135935
3750171853075
79284724936
79527697859
972526740110
491762259037
4941819993029
79530457988
79872587973
79245578066
37360305672
994502716655
37368447443
37377975587
393894470987
79671141140
79221281334
79213715085
996555288857
79642540431
79523299537
779136611560
37128842900
996702156655
373060234840
19177331629
491776042041
37226868382
17179400894
79872571700
4917661145183
37361176889
79282934084
998946292317
79780751776
37129269445
79583907005
79606372924
79871142676
79127229022
79241716878
79888310904
77051034107
77075552318
380638583508
791880568180
79080812789
79788694338
79521881735
37127807187
79021319091
77072382385
721030168932
37377773914
4917681284272
79188563735
37455525731
79520168486
79229527889
15092209012
79890830602
389527851988
996700226675
79049859634
79654146825
79129847501
77014933189
79103065182
77013035118
38986634682
79122774002
37126470165
79527367517
37256642919
79111507401
490615054118
77786631815
375296790081
79638851485
79160561454
491578720604
79043121302
79533830602
375291229425
79169965058
79803778996
37120508998
37065248834
79788087852
491627916100
79088872732
393381697425
37126164960
79882828033
79104612380
79615997168
79823096152
77770615279
79684128020
79091420370
79788164154
